0.964844
0.640625
0.531250
0.457031
0.449219
0.480469
0.511719
0.453125
0.566406
0.535156
0.550781
0.519531
0.503906
0.589844
0.593750
0.464844
0.617188
0.507812
0.593750
0.558594
0.527344
0.500000
0.476562
0.550781
0.589844
0.515625
0.453125
0.382812
0.457031
0.519531
0.425781
0.437500
0.468750
0.539062
0.441406
0.492188
0.511719
0.445312
0.554688
0.503906
0.453125
0.375000
0.515625
0.574219
0.480469
0.628906
0.542969
0.386719
0.429688
0.503906
0.582031
0.562500
0.566406
0.562500
0.582031
0.558594
0.507812
0.441406
0.519531
0.539062
0.468750
0.496094
0.578125
0.648438
0.589844
0.523438
0.464844
0.441406
0.511719
0.406250
0.535156
0.492188
0.488281
0.531250
0.464844
0.503906
0.500000
0.468750
0.535156
0.519531
0.480469
0.433594
0.519531
0.589844
0.554688
0.371094
0.457031
0.625000
0.515625
0.546875
0.527344
0.457031
0.453125
0.515625
0.460938
0.515625
0.531250
0.562500
0.539062
0.406250
